,Flow ID,Src IP,Src Port,Dst IP,Dst Port,Timestamp,Protocol,Tot Fwd Pkts,Tot Bwd Pkts,Tot Pkts,TotLen Fwd Pkts,TotLen Bwd Pkts,TotLen Pkts,Flow Byts/s,Flow Pkts/s,Flow IAT Mean,Fwd Header Len,Bwd Header Len,Pkt Size Avg,Flow Type,VPN
0,173.194.67.16-10.8.8.234-465-37864-6,173.194.67.16,465,10.8.8.234,37864,08/06/2015 10:35:41 a.m.,6,2,0,2,0.0,0.0,0.0,0.0,809.3889113719142,2471.0,40,0,0.0,vpn_email2b,1
1,173.194.67.16-10.8.8.234-465-37841-6,173.194.67.16,465,10.8.8.234,37841,08/06/2015 10:30:01 a.m.,6,2,0,2,0.0,0.0,0.0,0.0,37735.84905660377,53.0,40,0,0.0,vpn_email2b,1
2,173.194.67.16-10.8.8.234-465-37868-6,173.194.67.16,465,10.8.8.234,37868,08/06/2015 10:36:26 a.m.,6,2,0,2,0.0,0.0,0.0,0.0,49999.99999999999,40.0,40,0,0.0,vpn_email2b,1
3,173.194.67.16-10.8.8.234-465-37845-6,173.194.67.16,465,10.8.8.234,37845,08/06/2015 10:31:05 a.m.,6,2,0,2,0.0,0.0,0.0,0.0,52631.57894736842,38.0,40,0,0.0,vpn_email2b,1
4,10.8.8.234-198.7.63.141-28502-53-17,10.8.8.234,28502,198.7.63.141,53,08/06/2015 10:27:53 a.m.,17,1,1,2,35.0,207.0,242.0,1825.5884127942065,15.087507543753775,132560.0,8,8,138.5,vpn_email2b,1
5,10.8.8.234-78.46.223.24-20305-53-17,10.8.8.234,20305,78.46.223.24,53,08/06/2015 10:27:53 a.m.,17,1,1,2,36.0,238.0,274.0,1937.9844961240308,14.145872234481976,141384.0,8,8,155.0,vpn_email2b,1
6,10.8.8.234-198.7.63.141-62348-53-17,10.8.8.234,62348,198.7.63.141,53,08/06/2015 10:29:54 a.m.,17,1,1,2,37.0,240.0,277.0,1940.0612134837759,14.007662191218598,142779.0,8,8,157.0,vpn_email2b,1
7,173.194.67.16-10.8.8.234-465-37883-6,173.194.67.16,465,10.8.8.234,37883,08/06/2015 10:39:28 a.m.,6,2,0,2,0.0,0.0,0.0,0.0,33898.30508474576,59.0,40,0,0.0,vpn_email2b,1
8,10.8.8.234-198.7.63.141-46359-53-17,10.8.8.234,46359,198.7.63.141,53,08/06/2015 10:36:38 a.m.,17,1,1,2,37.0,240.0,277.0,1945.4159819083334,14.046324779121539,142386.0,8,8,157.0,vpn_email2b,1
9,10.8.8.234-74.125.133.16-51056-993-6,10.8.8.234,51056,74.125.133.16,993,08/06/2015 10:38:49 a.m.,6,5,6,11,122.0,137.0,259.0,241.21115941543079,10.24448939602216,107374.8,160,192,27.0,vpn_email2b,1
10,10.8.8.234-198.7.63.141-41341-53-17,10.8.8.234,41341,198.7.63.141,53,08/06/2015 10:29:54 a.m.,17,1,1,2,37.0,228.0,265.0,1862.1843070566247,14.054221185333017,142306.0,8,8,151.0,vpn_email2b,1
11,173.194.67.16-10.8.8.234-465-37860-6,173.194.67.16,465,10.8.8.234,37860,08/06/2015 10:34:43 a.m.,6,2,0,2,0.0,0.0,0.0,0.0,29411.764705882357,68.0,40,0,0.0,vpn_email2b,1
12,10.8.8.234-78.46.223.24-41341-53-17,10.8.8.234,41341,78.46.223.24,53,08/06/2015 10:29:54 a.m.,17,1,1,2,37.0,228.0,265.0,1862.09271113672,14.05352989537147,142313.0,8,8,151.0,vpn_email2b,1
13,10.8.8.234-198.7.63.141-50787-53-17,10.8.8.234,50787,198.7.63.141,53,08/06/2015 10:25:53 a.m.,17,1,1,2,45.0,94.0,139.0,1016.6689828190256,14.628330688043532,136721.0,8,8,92.0,vpn_email2b,1
14,10.8.8.234-198.7.63.141-14996-53-17,10.8.8.234,14996,198.7.63.141,53,08/06/2015 10:25:06 a.m.,17,1,1,2,37.0,228.0,265.0,1709.1481347711676,12.899231205820133,155048.0,8,8,151.0,vpn_email2b,1
15,63.245.217.161-10.8.8.234-443-38206-6,63.245.217.161,443,10.8.8.234,38206,08/06/2015 10:26:09 a.m.,6,2,0,2,0.0,0.0,0.0,0.0,47619.04761904762,42.0,40,0,0.0,vpn_email2b,1
16,173.194.67.16-10.8.8.234-465-37826-6,173.194.67.16,465,10.8.8.234,37826,08/06/2015 10:26:39 a.m.,6,2,0,2,0.0,0.0,0.0,0.0,57142.857142857145,35.0,40,0,0.0,vpn_email2b,1
17,173.194.67.16-10.8.8.234-465-37849-6,173.194.67.16,465,10.8.8.234,37849,08/06/2015 10:32:07 a.m.,6,2,0,2,0.0,0.0,0.0,0.0,44444.444444444445,45.0,40,0,0.0,vpn_email2b,1
18,10.8.8.234-93.184.220.29-56280-80-6,10.8.8.234,56280,93.184.220.29,80,08/06/2015 10:26:10 a.m.,6,1,1,2,0.0,0.0,0.0,0.0,14.99880009599232,133344.0,32,32,0.0,vpn_email2b,1
19,173.194.67.16-10.8.8.234-465-37875-6,173.194.67.16,465,10.8.8.234,37875,08/06/2015 10:37:41 a.m.,6,2,0,2,0.0,0.0,0.0,0.0,44444.444444444445,45.0,40,0,0.0,vpn_email2b,1
20,10.8.8.234-78.46.223.24-14996-53-17,10.8.8.234,14996,78.46.223.24,53,08/06/2015 10:25:06 a.m.,17,1,1,2,37.0,228.0,265.0,1706.5285988434243,12.879461123346598,155286.0,8,8,151.0,vpn_email2b,1
21,173.194.67.16-10.8.8.234-465-37852-6,173.194.67.16,465,10.8.8.234,37852,08/06/2015 10:32:53 a.m.,6,2,0,2,0.0,0.0,0.0,0.0,55555.555555555555,36.0,40,0,0.0,vpn_email2b,1
22,173.194.67.16-10.8.8.234-465-37879-6,173.194.67.16,465,10.8.8.234,37879,08/06/2015 10:38:40 a.m.,6,2,0,2,0.0,0.0,0.0,0.0,23529.411764705877,85.0,40,0,0.0,vpn_email2b,1
23,10.8.8.234-198.7.63.141-20305-53-17,10.8.8.234,20305,198.7.63.141,53,08/06/2015 10:27:53 a.m.,17,1,1,2,36.0,238.0,274.0,1938.8347178783206,14.15207823268847,141322.0,8,8,155.0,vpn_email2b,1
24,173.194.67.16-10.8.8.234-465-37871-6,173.194.67.16,465,10.8.8.234,37871,08/06/2015 10:36:57 a.m.,6,2,0,2,0.0,0.0,0.0,0.0,41666.66666666666,48.0,40,0,0.0,vpn_email2b,1
25,10.8.8.234-198.7.63.141-23616-53-17,10.8.8.234,23616,198.7.63.141,53,08/06/2015 10:38:59 a.m.,17,1,1,2,37.0,240.0,277.0,2060.7205826557256,14.878848972243507,134419.0,8,8,157.0,vpn_email2b,1
26,10.8.8.234-198.7.63.141-3464-53-17,10.8.8.234,3464,198.7.63.141,53,08/06/2015 10:31:02 a.m.,17,1,1,2,37.0,240.0,277.0,1901.610533686653,13.730039954416268,145666.0,8,8,157.0,vpn_email2b,1
27,10.8.8.234-198.7.63.141-48865-53-17,10.8.8.234,48865,198.7.63.141,53,08/06/2015 10:27:30 a.m.,17,1,1,2,37.0,228.0,265.0,1975.0767671347226,14.906239751960168,134172.0,8,8,151.0,vpn_email2b,1
28,173.194.67.16-10.8.8.234-465-37837-6,173.194.67.16,465,10.8.8.234,37837,08/06/2015 10:29:15 a.m.,6,2,0,2,0.0,0.0,0.0,0.0,3025.7186081694404,661.0,40,0,0.0,vpn_email2b,1
29,10.8.8.234-78.46.223.24-48865-53-17,10.8.8.234,48865,78.46.223.24,53,08/06/2015 10:27:30 a.m.,17,1,1,2,37.0,228.0,265.0,1920.7491646553158,14.496220110606158,137967.0,8,8,151.0,vpn_email2b,1
30,173.194.67.16-10.8.8.234-465-37842-6,173.194.67.16,465,10.8.8.234,37842,08/06/2015 10:30:16 a.m.,6,2,0,2,0.0,0.0,0.0,0.0,40000.0,50.0,40,0,0.0,vpn_email2b,1
31,173.194.67.16-10.8.8.234-465-37865-6,173.194.67.16,465,10.8.8.234,37865,08/06/2015 10:35:55 a.m.,6,2,0,2,0.0,0.0,0.0,0.0,31746.031746031742,63.0,40,0,0.0,vpn_email2b,1
32,173.194.67.16-10.8.8.234-465-37846-6,173.194.67.16,465,10.8.8.234,37846,08/06/2015 10:31:20 a.m.,6,2,0,2,0.0,0.0,0.0,0.0,40816.32653061225,49.0,40,0,0.0,vpn_email2b,1
33,173.194.67.16-10.8.8.234-465-37880-6,173.194.67.16,465,10.8.8.234,37880,08/06/2015 10:38:55 a.m.,6,2,0,2,0.0,0.0,0.0,0.0,45454.545454545456,44.0,40,0,0.0,vpn_email2b,1
34,10.8.8.234-78.46.223.24-49534-53-17,10.8.8.234,49534,78.46.223.24,53,08/06/2015 10:32:04 a.m.,17,1,1,2,37.0,228.0,265.0,1956.1093354395334,14.763089324071956,135473.0,8,8,151.0,vpn_email2b,1
35,10.8.8.234-78.46.223.24-56665-53-17,10.8.8.234,56665,78.46.223.24,53,08/06/2015 10:33:43 a.m.,17,1,1,2,37.0,228.0,265.0,1811.40845551796,13.671007211456304,146295.0,8,8,151.0,vpn_email2b,1
36,10.8.8.234-198.7.63.141-62605-53-17,10.8.8.234,62605,198.7.63.141,53,08/06/2015 10:25:07 a.m.,17,1,1,2,37.0,225.0,262.0,1773.8419249570081,13.540778053106933,147702.0,8,8,149.5,vpn_email2b,1
37,173.194.67.16-10.8.8.234-465-37861-6,173.194.67.16,465,10.8.8.234,37861,08/06/2015 10:34:59 a.m.,6,2,0,2,0.0,0.0,0.0,0.0,58823.52941176471,34.0,40,0,0.0,vpn_email2b,1
38,10.8.8.234-198.7.63.141-40704-53-17,10.8.8.234,40704,198.7.63.141,53,08/06/2015 10:26:20 a.m.,17,1,1,2,37.0,228.0,265.0,1988.3699118364286,15.006565372350405,133275.0,8,8,151.0,vpn_email2b,1
39,10.8.8.234-198.7.63.141-30105-53-17,10.8.8.234,30105,198.7.63.141,53,08/06/2015 10:36:04 a.m.,17,1,1,2,37.0,228.0,265.0,1859.7404784796445,14.035777196072788,142493.0,8,8,151.0,vpn_email2b,1
40,10.8.8.234-198.7.63.141-1227-53-17,10.8.8.234,1227,198.7.63.141,53,08/06/2015 10:27:53 a.m.,17,1,1,2,35.0,207.0,242.0,1831.280079910404,15.134546114962015,132148.0,8,8,138.5,vpn_email2b,1
41,173.194.67.16-10.8.8.234-465-37827-6,173.194.67.16,465,10.8.8.234,37827,08/06/2015 10:26:57 a.m.,6,2,0,2,0.0,0.0,0.0,0.0,47619.04761904762,42.0,40,0,0.0,vpn_email2b,1
42,10.8.8.234-198.7.63.141-14011-53-17,10.8.8.234,14011,198.7.63.141,53,08/06/2015 10:25:53 a.m.,17,1,1,2,35.0,207.0,242.0,1805.8892885393195,14.924704863961315,134006.0,8,8,138.5,vpn_email2b,1
43,10.8.8.234-198.7.63.141-43638-53-17,10.8.8.234,43638,198.7.63.141,53,08/06/2015 10:25:54 a.m.,17,1,1,2,49.0,282.0,331.0,2359.028450880894,14.253948343691206,140312.0,8,8,190.0,vpn_email2b,1
44,10.8.8.234-198.7.63.141-2504-53-17,10.8.8.234,2504,198.7.63.141,53,08/06/2015 10:28:56 a.m.,17,1,1,2,37.0,240.0,277.0,2068.3218219152513,14.933731566175098,133925.0,8,8,157.0,vpn_email2b,1
45,10.8.8.234-198.7.63.141-41522-53-17,10.8.8.234,41522,198.7.63.141,53,08/06/2015 10:29:58 a.m.,17,1,1,2,37.0,240.0,277.0,2071.8490317658584,14.959198785313056,133697.0,8,8,157.0,vpn_email2b,1
46,10.8.8.234-198.7.63.141-50890-53-17,10.8.8.234,50890,198.7.63.141,53,08/06/2015 10:38:59 a.m.,17,1,1,2,37.0,228.0,265.0,1965.4379589112214,14.833494029518652,134830.0,8,8,151.0,vpn_email2b,1
47,173.194.67.16-10.8.8.234-465-37853-6,173.194.67.16,465,10.8.8.234,37853,08/06/2015 10:33:10 a.m.,6,2,0,2,0.0,0.0,0.0,0.0,28169.014084507042,71.0,40,0,0.0,vpn_email2b,1
48,173.194.67.16-10.8.8.234-465-37876-6,173.194.67.16,465,10.8.8.234,37876,08/06/2015 10:37:54 a.m.,6,2,0,2,0.0,0.0,0.0,0.0,1071.2372790573113,1867.0,40,0,0.0,vpn_email2b,1
49,10.8.8.234-198.7.63.141-54904-53-17,10.8.8.234,54904,198.7.63.141,53,08/06/2015 10:25:53 a.m.,17,1,1,2,35.0,207.0,242.0,1803.1174559651893,14.901797156737105,134212.0,8,8,138.5,vpn_email2b,1
50,10.8.8.234-198.7.63.141-25804-53-17,10.8.8.234,25804,198.7.63.141,53,08/06/2015 10:27:54 a.m.,17,1,1,2,46.0,279.0,325.0,2414.382289577297,14.85773716662952,134610.0,8,8,185.5,vpn_email2b,1
51,10.8.8.234-78.46.223.24-58377-53-17,10.8.8.234,58377,78.46.223.24,53,08/06/2015 10:34:24 a.m.,17,1,1,2,37.0,228.0,265.0,1955.6762580902264,14.759820815775294,135503.0,8,8,151.0,vpn_email2b,1
52,173.194.67.16-10.8.8.234-465-37857-6,173.194.67.16,465,10.8.8.234,37857,08/06/2015 10:33:54 a.m.,6,2,0,2,0.0,0.0,0.0,0.0,38461.53846153846,52.0,40,0,0.0,vpn_email2b,1
53,10.8.8.234-198.7.63.141-22392-53-17,10.8.8.234,22392,198.7.63.141,53,08/06/2015 10:25:06 a.m.,17,1,1,2,37.0,240.0,277.0,1784.0925924733192,12.881534963706276,155261.0,8,8,157.0,vpn_email2b,1
54,10.8.8.234-198.7.63.141-39912-53-17,10.8.8.234,39912,198.7.63.141,53,08/06/2015 10:37:51 a.m.,17,1,1,2,37.0,228.0,265.0,1865.645372495459,14.080342433927992,142042.0,8,8,151.0,vpn_email2b,1
55,173.194.67.16-10.8.8.234-465-37872-6,173.194.67.16,465,10.8.8.234,37872,08/06/2015 10:37:13 a.m.,6,2,0,2,0.0,0.0,0.0,0.0,43478.260869565216,46.0,40,0,0.0,vpn_email2b,1
56,10.8.8.234-78.46.223.24-47244-53-17,10.8.8.234,47244,78.46.223.24,53,08/06/2015 10:38:52 a.m.,17,1,1,2,37.0,228.0,265.0,1962.3960485489374,14.81053621546368,135039.0,8,8,151.0,vpn_email2b,1
57,10.8.8.234-198.7.63.141-62819-53-17,10.8.8.234,62819,198.7.63.141,53,08/06/2015 10:25:54 a.m.,17,1,1,2,49.0,282.0,331.0,2427.6295041328376,14.668456218325305,136347.0,8,8,190.0,vpn_email2b,1
58,173.194.67.16-10.8.8.234-465-37815-6,173.194.67.16,465,10.8.8.234,37815,08/06/2015 10:25:10 a.m.,6,2,0,2,0.0,0.0,0.0,0.0,14285.714285714286,140.0,40,0,0.0,vpn_email2b,1
59,10.8.8.234-78.46.223.24-28544-53-17,10.8.8.234,28544,78.46.223.24,53,08/06/2015 10:33:07 a.m.,17,1,1,2,37.0,228.0,265.0,1944.6544018903508,14.676636995398875,136271.0,8,8,151.0,vpn_email2b,1
60,10.8.8.234-78.46.223.24-42933-53-17,10.8.8.234,42933,78.46.223.24,53,08/06/2015 10:25:53 a.m.,17,1,1,2,45.0,246.0,291.0,2141.737383253233,14.719844558441466,135871.0,8,8,168.0,vpn_email2b,1
61,173.194.67.16-10.8.8.234-465-37838-6,173.194.67.16,465,10.8.8.234,37838,08/06/2015 10:29:31 a.m.,6,2,0,2,0.0,0.0,0.0,0.0,40816.32653061225,49.0,40,0,0.0,vpn_email2b,1
62,10.8.8.234-74.125.133.16-51054-993-6,10.8.8.234,51054,74.125.133.16,993,08/06/2015 10:33:03 a.m.,6,5,6,11,119.0,115.0,234.0,233.37013400831157,10.97039091492063,100269.9,160,192,24.63636363636364,vpn_email2b,1
63,10.8.8.234-198.7.63.141-34575-53-17,10.8.8.234,34575,198.7.63.141,53,08/06/2015 10:28:56 a.m.,17,1,1,2,37.0,228.0,265.0,1979.502808653042,14.939643838890884,133872.0,8,8,151.0,vpn_email2b,1
64,173.194.67.16-10.8.8.234-465-37843-6,173.194.67.16,465,10.8.8.234,37843,08/06/2015 10:30:32 a.m.,6,2,0,2,0.0,0.0,0.0,0.0,60606.06060606059,33.0,40,0,0.0,vpn_email2b,1
65,216.58.210.14-10.8.8.234-80-34095-6,216.58.210.14,80,10.8.8.234,34095,08/06/2015 10:27:02 a.m.,6,1,1,2,0.0,0.0,0.0,0.0,28169.014084507042,71.0,32,32,0.0,vpn_email2b,1
66,10.8.8.234-198.7.63.141-37204-53-17,10.8.8.234,37204,198.7.63.141,53,08/06/2015 10:36:38 a.m.,17,1,1,2,37.0,228.0,265.0,1855.3784972134315,14.002856582742881,142828.0,8,8,151.0,vpn_email2b,1
67,173.194.67.16-10.8.8.234-465-37862-6,173.194.67.16,465,10.8.8.234,37862,08/06/2015 10:35:12 a.m.,6,2,0,2,0.0,0.0,0.0,0.0,465.8746797111577,4293.0,40,0,0.0,vpn_email2b,1
68,173.194.67.16-10.8.8.234-465-37847-6,173.194.67.16,465,10.8.8.234,37847,08/06/2015 10:31:37 a.m.,6,2,0,2,0.0,0.0,0.0,0.0,54054.05405405405,37.0,40,0,0.0,vpn_email2b,1
69,173.194.67.16-10.8.8.234-465-37824-6,173.194.67.16,465,10.8.8.234,37824,08/06/2015 10:26:04 a.m.,6,2,0,2,0.0,0.0,0.0,0.0,29850.74626865672,67.0,40,0,0.0,vpn_email2b,1
70,10.8.8.234-198.7.63.141-22981-53-17,10.8.8.234,22981,198.7.63.141,53,08/06/2015 10:36:04 a.m.,17,1,1,2,37.0,240.0,277.0,1943.8187266232992,14.03479224998772,142503.0,8,8,157.0,vpn_email2b,1
71,74.125.133.16-10.8.8.234-993-51040-6,74.125.133.16,993,10.8.8.234,51040,08/06/2015 10:44:48 a.m.,6,50,30,80,3107.0,660.0,3767.0,145.91445152299326,3.0987937674115895,326791.10126582265,1600,960,47.0875,vpn_email2b,1
72,10.8.8.234-198.7.63.141-37725-53-17,10.8.8.234,37725,198.7.63.141,53,08/06/2015 10:26:20 a.m.,17,1,1,2,37.0,240.0,277.0,2057.3992097210253,14.854867940224011,134636.0,8,8,157.0,vpn_email2b,1
73,10.8.8.234-78.46.223.24-24547-53-17,10.8.8.234,24547,78.46.223.24,53,08/06/2015 10:31:02 a.m.,17,1,1,2,37.0,228.0,265.0,1819.1178994336706,13.729191693839025,145675.0,8,8,151.0,vpn_email2b,1
74,10.8.8.234-198.7.63.141-51333-53-17,10.8.8.234,51333,198.7.63.141,53,08/06/2015 10:32:04 a.m.,17,1,1,2,37.0,240.0,277.0,2048.9378069708264,14.793774779572756,135192.0,8,8,157.0,vpn_email2b,1
75,10.8.8.234-78.46.223.24-34575-53-17,10.8.8.234,34575,78.46.223.24,53,08/06/2015 10:28:56 a.m.,17,1,1,2,37.0,228.0,265.0,1978.7489826243439,14.933954585844104,133923.0,8,8,151.0,vpn_email2b,1
76,10.8.8.234-78.46.223.24-37204-53-17,10.8.8.234,37204,78.46.223.24,53,08/06/2015 10:36:38 a.m.,17,1,1,2,37.0,228.0,265.0,1855.092754637732,14.00070003500175,142850.0,8,8,151.0,vpn_email2b,1
77,10.8.8.234-198.7.63.141-64785-53-17,10.8.8.234,64785,198.7.63.141,53,08/06/2015 10:37:28 a.m.,17,1,1,2,37.0,228.0,265.0,1990.8047358615302,15.024941402728526,133112.0,8,8,151.0,vpn_email2b,1
78,10.8.8.234-198.7.63.141-60300-53-17,10.8.8.234,60300,198.7.63.141,53,08/06/2015 10:29:58 a.m.,17,1,1,2,37.0,228.0,265.0,1982.6573593996663,14.963451769054085,133659.0,8,8,151.0,vpn_email2b,1
79,173.194.67.16-10.8.8.234-465-37828-6,173.194.67.16,465,10.8.8.234,37828,08/06/2015 10:27:15 a.m.,6,2,0,2,0.0,0.0,0.0,0.0,43478.260869565216,46.0,40,0,0.0,vpn_email2b,1
80,93.184.220.29-10.8.8.234-80-56293-6,93.184.220.29,80,10.8.8.234,56293,08/06/2015 10:27:59 a.m.,6,1,1,2,0.0,0.0,0.0,0.0,60606.06060606059,33.0,32,32,0.0,vpn_email2b,1
81,10.8.8.234-198.7.63.141-24547-53-17,10.8.8.234,24547,198.7.63.141,53,08/06/2015 10:31:02 a.m.,17,1,1,2,37.0,228.0,265.0,1832.2996397629763,13.828676526513028,144627.0,8,8,151.0,vpn_email2b,1
82,173.194.67.16-10.8.8.234-465-37854-6,173.194.67.16,465,10.8.8.234,37854,08/06/2015 10:33:26 a.m.,6,2,0,2,0.0,0.0,0.0,0.0,58823.52941176471,34.0,40,0,0.0,vpn_email2b,1
83,10.8.8.234-78.46.223.24-64785-53-17,10.8.8.234,64785,78.46.223.24,53,08/06/2015 10:37:28 a.m.,17,1,1,2,37.0,228.0,265.0,1990.5355667392773,15.022909937654926,133130.0,8,8,151.0,vpn_email2b,1
84,173.194.67.16-10.8.8.234-465-37873-6,173.194.67.16,465,10.8.8.234,37873,08/06/2015 10:37:26 a.m.,6,2,0,2,0.0,0.0,0.0,0.0,58823.52941176471,34.0,40,0,0.0,vpn_email2b,1
85,173.194.67.16-10.8.8.234-465-37858-6,173.194.67.16,465,10.8.8.234,37858,08/06/2015 10:34:09 a.m.,6,2,0,2,0.0,0.0,0.0,0.0,42553.191489361714,47.0,40,0,0.0,vpn_email2b,1
86,10.8.8.234-198.7.63.141-61643-53-17,10.8.8.234,61643,198.7.63.141,53,08/06/2015 10:33:07 a.m.,17,1,1,2,37.0,240.0,277.0,2042.8331219210006,14.749697631198561,135596.0,8,8,157.0,vpn_email2b,1
87,173.194.67.16-10.8.8.234-465-37877-6,173.194.67.16,465,10.8.8.234,37877,08/06/2015 10:38:08 a.m.,6,2,0,2,0.0,0.0,0.0,0.0,36363.63636363636,55.0,40,0,0.0,vpn_email2b,1
88,74.125.133.16-10.8.8.234-993-51055-6,74.125.133.16,993,10.8.8.234,51055,08/06/2015 10:43:18 a.m.,6,111,67,178,5940.0,1663.0,7603.0,66.52486071144011,1.557467474238635,645695.4858757064,3552,2144,42.9438202247191,vpn_email2b,1
89,10.8.8.234-198.7.63.141-1772-53-17,10.8.8.234,1772,198.7.63.141,53,08/06/2015 10:25:07 a.m.,17,1,1,2,37.0,213.0,250.0,1812.2376785960237,14.497901428768186,137951.0,8,8,143.5,vpn_email2b,1
90,10.8.8.234-198.7.63.141-25784-53-17,10.8.8.234,25784,198.7.63.141,53,08/06/2015 10:25:07 a.m.,17,1,1,2,37.0,213.0,250.0,1855.5492054538306,14.844393643630642,134731.0,8,8,143.5,vpn_email2b,1
91,173.194.67.16-10.8.8.234-465-37850-6,173.194.67.16,465,10.8.8.234,37850,08/06/2015 10:32:21 a.m.,6,2,0,2,0.0,0.0,0.0,0.0,1582.2784810126584,1264.0,40,0,0.0,vpn_email2b,1
92,10.8.8.234-198.7.63.141-10464-53-17,10.8.8.234,10464,198.7.63.141,53,08/06/2015 10:37:28 a.m.,17,1,1,2,37.0,240.0,277.0,2042.3511369333767,14.746217595186836,135628.0,8,8,157.0,vpn_email2b,1
93,10.8.8.234-78.46.223.24-29265-53-17,10.8.8.234,29265,78.46.223.24,53,08/06/2015 10:35:38 a.m.,17,1,1,2,37.0,228.0,265.0,1802.1571481033145,13.601186023421242,147046.0,8,8,151.0,vpn_email2b,1
94,63.245.217.113-10.8.8.234-443-57002-6,63.245.217.113,443,10.8.8.234,57002,08/06/2015 10:28:00 a.m.,6,1,1,2,0.0,0.0,0.0,0.0,52631.57894736842,38.0,32,32,0.0,vpn_email2b,1
95,10.8.8.234-198.7.63.141-33252-53-17,10.8.8.234,33252,198.7.63.141,53,08/06/2015 10:27:30 a.m.,17,1,1,2,37.0,240.0,277.0,2006.664734859461,14.488554042306578,138040.0,8,8,157.0,vpn_email2b,1
96,173.194.67.16-10.8.8.234-465-37839-6,173.194.67.16,465,10.8.8.234,37839,08/06/2015 10:29:45 a.m.,6,2,0,2,0.0,0.0,0.0,0.0,58823.52941176471,34.0,40,0,0.0,vpn_email2b,1
97,10.8.8.234-198.7.63.141-29265-53-17,10.8.8.234,29265,198.7.63.141,53,08/06/2015 10:35:38 a.m.,17,1,1,2,37.0,228.0,265.0,1802.3777783823489,13.602851157602634,147028.0,8,8,151.0,vpn_email2b,1
98,173.194.67.16-10.8.8.234-465-37863-6,173.194.67.16,465,10.8.8.234,37863,08/06/2015 10:35:26 a.m.,6,2,0,2,0.0,0.0,0.0,0.0,38461.53846153846,52.0,40,0,0.0,vpn_email2b,1
99,10.8.8.234-198.7.63.141-19009-53-17,10.8.8.234,19009,198.7.63.141,53,08/06/2015 10:33:43 a.m.,17,1,1,2,37.0,240.0,277.0,1892.4643027942886,13.66400218624035,146370.0,8,8,157.0,vpn_email2b,1
100,173.194.67.16-10.8.8.234-465-37825-6,173.194.67.16,465,10.8.8.234,37825,08/06/2015 10:26:23 a.m.,6,2,0,2,0.0,0.0,0.0,0.0,27397.260273972603,73.0,40,0,0.0,vpn_email2b,1
101,173.194.67.16-10.8.8.234-465-37844-6,173.194.67.16,465,10.8.8.234,37844,08/06/2015 10:30:50 a.m.,6,2,0,2,0.0,0.0,0.0,0.0,871.8395815170009,2294.0,40,0,0.0,vpn_email2b,1
102,173.194.67.16-10.8.8.234-465-37867-6,173.194.67.16,465,10.8.8.234,37867,08/06/2015 10:36:09 a.m.,6,2,0,2,0.0,0.0,0.0,0.0,38461.53846153846,52.0,40,0,0.0,vpn_email2b,1
103,173.194.67.16-10.8.8.234-465-37882-6,173.194.67.16,465,10.8.8.234,37882,08/06/2015 10:39:11 a.m.,6,2,0,2,0.0,0.0,0.0,0.0,44444.444444444445,45.0,40,0,0.0,vpn_email2b,1
104,10.8.8.234-198.7.63.141-49534-53-17,10.8.8.234,49534,198.7.63.141,53,08/06/2015 10:32:04 a.m.,17,1,1,2,37.0,228.0,265.0,1962.5268458860992,14.811523365178108,135030.0,8,8,151.0,vpn_email2b,1
105,10.8.8.234-198.7.63.141-10573-53-17,10.8.8.234,10573,198.7.63.141,53,08/06/2015 10:37:51 a.m.,17,1,1,2,37.0,240.0,277.0,1921.9294228661036,13.87674673549533,144126.0,8,8,157.0,vpn_email2b,1
106,10.8.8.234-78.46.223.24-40704-53-17,10.8.8.234,40704,78.46.223.24,53,08/06/2015 10:26:20 a.m.,17,1,1,2,37.0,228.0,265.0,1968.0799708872698,14.853433742545436,134649.0,8,8,151.0,vpn_email2b,1
107,10.8.8.234-198.7.63.141-44837-53-17,10.8.8.234,44837,198.7.63.141,53,08/06/2015 10:27:53 a.m.,17,1,1,2,35.0,132.0,167.0,1259.6833442707034,15.086028075098248,132573.0,8,8,101.0,vpn_email2b,1
108,10.8.8.234-78.46.223.24-39912-53-17,10.8.8.234,39912,78.46.223.24,53,08/06/2015 10:37:51 a.m.,17,1,1,2,37.0,228.0,265.0,1861.5956333288839,14.049778364746293,142351.0,8,8,151.0,vpn_email2b,1
109,10.8.8.234-198.7.63.141-24426-53-17,10.8.8.234,24426,198.7.63.141,53,08/06/2015 10:35:38 a.m.,17,1,1,2,37.0,240.0,277.0,1927.8416525152413,13.91943431418947,143684.0,8,8,157.0,vpn_email2b,1
110,63.245.217.161-10.8.8.234-443-38207-6,63.245.217.161,443,10.8.8.234,38207,08/06/2015 10:26:09 a.m.,6,2,0,2,0.0,0.0,0.0,0.0,28169.014084507042,71.0,40,0,0.0,vpn_email2b,1
111,10.8.8.234-198.7.63.141-63240-53-17,10.8.8.234,63240,198.7.63.141,53,08/06/2015 10:25:53 a.m.,17,1,1,2,35.0,132.0,167.0,1244.1424729380387,14.899909855545376,134229.0,8,8,101.0,vpn_email2b,1
112,173.194.67.16-10.8.8.234-465-37829-6,173.194.67.16,465,10.8.8.234,37829,08/06/2015 10:27:33 a.m.,6,2,0,2,0.0,0.0,0.0,0.0,3454.231433506045,579.0,40,0,0.0,vpn_email2b,1
113,173.194.67.16-10.8.8.234-465-37848-6,173.194.67.16,465,10.8.8.234,37848,08/06/2015 10:31:51 a.m.,6,2,0,2,0.0,0.0,0.0,0.0,16528.92561983471,121.0,40,0,0.0,vpn_email2b,1
114,10.8.8.234-198.7.63.141-58377-53-17,10.8.8.234,58377,198.7.63.141,53,08/06/2015 10:34:24 a.m.,17,1,1,2,37.0,228.0,265.0,1960.987449680322,14.799905280606206,135136.0,8,8,151.0,vpn_email2b,1
115,10.8.8.234-198.7.63.141-9316-53-17,10.8.8.234,9316,198.7.63.141,53,08/06/2015 10:27:54 a.m.,17,1,1,2,46.0,95.0,141.0,1045.7923545903611,14.833934107664694,134826.0,8,8,93.5,vpn_email2b,1
116,173.194.67.16-10.8.8.234-465-37851-6,173.194.67.16,465,10.8.8.234,37851,08/06/2015 10:32:38 a.m.,6,2,0,2,0.0,0.0,0.0,0.0,38461.53846153846,52.0,40,0,0.0,vpn_email2b,1
117,10.8.8.234-198.7.63.141-56665-53-17,10.8.8.234,56665,198.7.63.141,53,08/06/2015 10:33:43 a.m.,17,1,1,2,37.0,228.0,265.0,1821.3559135646344,13.746082366525544,145496.0,8,8,151.0,vpn_email2b,1
118,173.194.67.16-10.8.8.234-465-37836-6,173.194.67.16,465,10.8.8.234,37836,08/06/2015 10:28:59 a.m.,6,2,0,2,0.0,0.0,0.0,0.0,45454.545454545456,44.0,40,0,0.0,vpn_email2b,1
119,10.8.8.234-198.7.63.141-57882-53-17,10.8.8.234,57882,198.7.63.141,53,08/06/2015 10:34:24 a.m.,17,1,1,2,37.0,240.0,277.0,2042.2909048012268,14.74578270614604,135632.0,8,8,157.0,vpn_email2b,1
120,173.194.67.16-10.8.8.234-465-37855-6,173.194.67.16,465,10.8.8.234,37855,08/06/2015 10:33:40 a.m.,6,2,0,2,0.0,0.0,0.0,0.0,40000.0,50.0,40,0,0.0,vpn_email2b,1
121,173.194.67.16-10.8.8.234-465-37878-6,173.194.67.16,465,10.8.8.234,37878,08/06/2015 10:38:24 a.m.,6,2,0,2,0.0,0.0,0.0,0.0,43478.260869565216,46.0,40,0,0.0,vpn_email2b,1
122,10.8.8.234-93.184.220.29-56292-80-6,10.8.8.234,56292,93.184.220.29,80,08/06/2015 10:28:11 a.m.,6,1,1,2,0.0,0.0,0.0,0.0,15.067388896841125,132737.0,32,32,0.0,vpn_email2b,1
123,10.8.8.234-198.7.63.141-46761-53-17,10.8.8.234,46761,198.7.63.141,53,08/06/2015 10:27:53 a.m.,17,1,1,2,36.0,238.0,274.0,2079.049403980545,15.175543094748507,131791.0,8,8,155.0,vpn_email2b,1
124,10.8.8.234-78.46.223.24-30105-53-17,10.8.8.234,30105,78.46.223.24,53,08/06/2015 10:36:04 a.m.,17,1,1,2,37.0,228.0,265.0,1859.6621730678812,14.035186211833064,142499.0,8,8,151.0,vpn_email2b,1
125,173.194.67.16-10.8.8.234-465-37870-6,173.194.67.16,465,10.8.8.234,37870,08/06/2015 10:36:41 a.m.,6,2,0,2,0.0,0.0,0.0,0.0,45454.545454545456,44.0,40,0,0.0,vpn_email2b,1
126,10.8.8.234-198.7.63.141-47244-53-17,10.8.8.234,47244,198.7.63.141,53,08/06/2015 10:38:52 a.m.,17,1,1,2,37.0,228.0,265.0,1968.3138606433786,14.855198948251916,134633.0,8,8,151.0,vpn_email2b,1
127,10.8.8.234-64.233.184.16-56890-993-6,10.8.8.234,56890,64.233.184.16,993,08/06/2015 10:39:44 a.m.,6,16,22,38,1158.0,1438.0,2596.0,692.9940332039175,10.14398045521913,101244.972972973,520,712,68.3157894736842,vpn_email2b,1
128,10.8.8.234-198.7.63.141-4871-53-17,10.8.8.234,4871,198.7.63.141,53,08/06/2015 10:25:54 a.m.,17,1,1,2,49.0,98.0,147.0,1080.1357884991257,14.695725013593547,136094.0,8,8,98.0,vpn_email2b,1
129,10.8.8.234-198.7.63.141-42933-53-17,10.8.8.234,42933,198.7.63.141,53,08/06/2015 10:25:53 a.m.,17,1,1,2,45.0,246.0,291.0,2141.816201257121,14.720386262935538,135866.0,8,8,168.0,vpn_email2b,1
130,10.8.8.234-198.7.63.141-33152-53-17,10.8.8.234,33152,198.7.63.141,53,08/06/2015 10:25:53 a.m.,17,1,1,2,45.0,246.0,291.0,2208.6783602650407,15.17992000182159,131753.0,8,8,168.0,vpn_email2b,1
131,63.245.217.113-10.8.8.234-443-57001-6,63.245.217.113,443,10.8.8.234,57001,08/06/2015 10:28:07 a.m.,6,2,0,2,0.0,0.0,0.0,0.0,35087.71929824561,57.0,40,0,0.0,vpn_email2b,1
132,10.8.8.234-198.7.63.141-18976-53-17,10.8.8.234,18976,198.7.63.141,53,08/06/2015 10:27:54 a.m.,17,1,1,2,46.0,279.0,325.0,2449.0041972164245,15.070795059793381,132707.0,8,8,185.5,vpn_email2b,1
133,173.194.67.16-10.8.8.234-465-37859-6,173.194.67.16,465,10.8.8.234,37859,08/06/2015 10:34:27 a.m.,6,2,0,2,0.0,0.0,0.0,0.0,33333.333333333336,60.0,40,0,0.0,vpn_email2b,1
134,173.194.67.16-10.8.8.234-465-37817-6,173.194.67.16,465,10.8.8.234,37817,08/06/2015 10:25:39 a.m.,6,2,0,2,0.0,0.0,0.0,0.0,35714.28571428572,56.0,40,0,0.0,vpn_email2b,1
135,10.8.8.234-198.7.63.141-28544-53-17,10.8.8.234,28544,198.7.63.141,53,08/06/2015 10:33:07 a.m.,17,1,1,2,37.0,228.0,265.0,1947.3409610311355,14.696912913442528,136083.0,8,8,151.0,vpn_email2b,1
136,93.184.220.29-10.8.8.234-80-56281-6,93.184.220.29,80,10.8.8.234,56281,08/06/2015 10:25:59 a.m.,6,1,1,2,0.0,0.0,0.0,0.0,36363.63636363636,55.0,32,32,0.0,vpn_email2b,1
137,10.8.8.234-198.7.63.141-58353-53-17,10.8.8.234,58353,198.7.63.141,53,08/06/2015 10:38:52 a.m.,17,1,1,2,37.0,240.0,277.0,2060.199474909448,14.87508646144006,134453.0,8,8,157.0,vpn_email2b,1
138,10.8.8.234-198.7.63.141-33297-53-17,10.8.8.234,33297,198.7.63.141,53,08/06/2015 10:27:53 a.m.,17,1,1,2,36.0,250.0,286.0,2017.4658935398768,14.10815310167746,141762.0,8,8,161.0,vpn_email2b,1
139,10.8.8.234-173.194.67.16-37815-465-6,10.8.8.234,37815,173.194.67.16,465,08/06/2015 10:25:06 a.m.,6,20,21,41,1511.0,4493.0,6004.0,1604.092626998236,10.953996953185824,93573.15000000002,648,680,146.4390243902439,vpn_email2b,1
140,10.8.8.234-173.194.67.16-37815-465-6,10.8.8.234,37815,173.194.67.16,465,08/06/2015 10:25:10 a.m.,6,2,0,2,31.0,0.0,31.0,1476190.4761904762,95238.09523809524,21.0,64,0,31.0,vpn_email2b,1
141,10.8.8.234-173.194.67.16-37817-465-6,10.8.8.234,37817,173.194.67.16,465,08/06/2015 10:25:36 a.m.,6,14,17,31,1742.0,881.0,2623.0,817.6166303783698,9.663025368558698,106936.83333333331,456,552,84.61290322580646,vpn_email2b,1
142,10.8.8.234-173.194.67.16-37817-465-6,10.8.8.234,37817,173.194.67.16,465,08/06/2015 10:25:39 a.m.,6,2,0,2,31.0,0.0,31.0,2066666.6666666663,133333.33333333337,15.0,64,0,31.0,vpn_email2b,1
143,10.8.8.234-63.245.216.134-38620-443-6,10.8.8.234,38620,63.245.216.134,443,08/06/2015 10:25:53 a.m.,6,11,9,20,1186.0,3324.0,4510.0,3905.4719905783736,17.31916625533647,60778.42105263157,240,192,225.5,vpn_email2b,1
144,63.245.216.134-10.8.8.234-443-38620-6,63.245.216.134,443,10.8.8.234,38620,08/06/2015 10:25:54 a.m.,6,2,0,2,0.0,0.0,0.0,0.0,60606.06060606059,33.0,40,0,0.0,vpn_email2b,1
145,10.8.8.234-63.245.216.134-38621-443-6,10.8.8.234,38621,63.245.216.134,443,08/06/2015 10:25:53 a.m.,6,10,6,16,589.0,2786.0,3375.0,559.5391983320261,2.65263027357405,402116.6,220,132,210.9375,vpn_email2b,1
146,10.8.8.234-93.184.220.29-56281-80-6,10.8.8.234,56281,93.184.220.29,80,08/06/2015 10:25:54 a.m.,6,3,1,4,0.0,0.0,0.0,0.0,0.7302825536228222,1825777.333333333,104,40,0.0,vpn_email2b,1
147,63.245.216.134-10.8.8.234-443-38621-6,63.245.216.134,443,10.8.8.234,38621,08/06/2015 10:25:59 a.m.,6,2,0,2,0.0,0.0,0.0,0.0,57142.857142857145,35.0,40,0,0.0,vpn_email2b,1
148,10.8.8.234-173.194.67.16-37824-465-6,10.8.8.234,37824,173.194.67.16,465,08/06/2015 10:26:01 a.m.,6,17,18,35,1771.0,881.0,2652.0,908.682232589758,11.992412571885946,85838.58823529414,552,584,75.77142857142857,vpn_email2b,1
149,10.8.8.234-173.194.67.16-37824-465-6,10.8.8.234,37824,173.194.67.16,465,08/06/2015 10:26:04 a.m.,6,2,0,2,31.0,0.0,31.0,1823529.4117647056,117647.0588235294,17.0,64,0,31.0,vpn_email2b,1
150,10.8.8.234-63.245.217.161-38207-443-6,10.8.8.234,38207,63.245.217.161,443,08/06/2015 10:25:54 a.m.,6,10,11,21,1233.0,3333.0,4566.0,328.7956509106149,1.5122007597728675,694352.2499999999,328,360,217.42857142857144,vpn_email2b,1
151,10.8.8.234-63.245.217.161-38207-443-6,10.8.8.234,38207,63.245.217.161,443,08/06/2015 10:26:08 a.m.,6,2,0,2,53.0,0.0,53.0,2523809.5238095243,95238.09523809524,21.0,64,0,53.0,vpn_email2b,1
152,10.8.8.234-63.245.217.161-38206-443-6,10.8.8.234,38206,63.245.217.161,443,08/06/2015 10:25:54 a.m.,6,11,10,21,1910.0,3866.0,5776.0,408.27009894400396,1.4843615093185742,707374.8500000002,360,328,275.04761904761904,vpn_email2b,1
153,10.8.8.234-63.245.217.161-38206-443-6,10.8.8.234,38206,63.245.217.161,443,08/06/2015 10:26:08 a.m.,6,2,0,2,53.0,0.0,53.0,2650000.0,100000.0,20.0,64,0,53.0,vpn_email2b,1
154,10.8.8.234-93.184.220.29-56280-80-6,10.8.8.234,56280,93.184.220.29,80,08/06/2015 10:25:53 a.m.,6,7,6,13,874.0,1576.0,2450.0,151.41063416830013,0.8034033649746538,1348430.166666667,232,200,188.46153846153842,vpn_email2b,1
155,10.8.8.234-173.194.67.16-37825-465-6,10.8.8.234,37825,173.194.67.16,465,08/06/2015 10:26:20 a.m.,6,16,17,33,1740.0,875.0,2615.0,857.11345166634,10.816345661563757,95341.8125,520,552,79.24242424242425,vpn_email2b,1
156,10.8.8.234-173.194.67.16-37825-465-6,10.8.8.234,37825,173.194.67.16,465,08/06/2015 10:26:23 a.m.,6,2,0,2,31.0,0.0,31.0,2214285.714285714,142857.14285714287,14.0,64,0,31.0,vpn_email2b,1
157,10.8.8.234-173.194.67.16-37826-465-6,10.8.8.234,37826,173.194.67.16,465,08/06/2015 10:26:36 a.m.,6,17,18,35,1767.0,875.0,2642.0,818.0784816562468,10.837527198322725,94985.85294117649,552,584,75.48571428571428,vpn_email2b,1
158,10.8.8.234-173.194.67.16-37826-465-6,10.8.8.234,37826,173.194.67.16,465,08/06/2015 10:26:39 a.m.,6,2,0,2,31.0,0.0,31.0,1722222.2222222222,111111.11111111114,18.0,64,0,31.0,vpn_email2b,1
159,10.8.8.234-173.194.67.16-37827-465-6,10.8.8.234,37827,173.194.67.16,465,08/06/2015 10:26:53 a.m.,6,19,18,37,1771.0,881.0,2652.0,885.6603178759112,12.356497647590015,83177.11111111111,616,584,71.67567567567569,vpn_email2b,1
160,10.8.8.234-173.194.67.16-37827-465-6,10.8.8.234,37827,173.194.67.16,465,08/06/2015 10:26:56 a.m.,6,2,0,2,31.0,0.0,31.0,1033333.3333333331,66666.66666666669,30.0,64,0,31.0,vpn_email2b,1
161,74.125.133.16-10.8.8.234-993-51055-6,74.125.133.16,993,10.8.8.234,51055,08/06/2015 10:24:57 a.m.,6,1441,1117,2558,976739.0,10656.0,987395.0,8233.341037502616,21.32974784552453,46901.2147047321,46112,35744,386.0027365129007,vpn_email2b,1
162,10.8.8.234-216.58.210.14-34095-80-6,10.8.8.234,34095,216.58.210.14,80,08/06/2015 10:25:07 a.m.,6,16,14,30,435.0,779.0,1214.0,10.515111401715453,0.259846245511914,3981134.137931035,520,456,40.46666666666667,vpn_email2b,1
163,10.8.8.234-173.194.67.16-37828-465-6,10.8.8.234,37828,173.194.67.16,465,08/06/2015 10:27:11 a.m.,6,18,19,37,1773.0,881.0,2654.0,804.4332943240775,11.214782174073424,91644.91666666666,584,616,71.72972972972974,vpn_email2b,1
164,10.8.8.234-173.194.67.16-37828-465-6,10.8.8.234,37828,173.194.67.16,465,08/06/2015 10:27:15 a.m.,6,2,0,2,31.0,0.0,31.0,1291666.666666667,83333.33333333331,24.0,64,0,31.0,vpn_email2b,1
165,10.8.8.234-74.125.133.16-51039-993-6,10.8.8.234,51039,74.125.133.16,993,08/06/2015 10:25:10 a.m.,6,124,158,282,3649.0,4062.0,7711.0,65.57617509980021,2.398194965392771,418464.19217081845,3968,5056,27.47517730496454,vpn_email2b,1
166,10.8.8.234-173.194.67.16-37829-465-6,10.8.8.234,37829,173.194.67.16,465,08/06/2015 10:27:30 a.m.,6,14,18,32,2288.0,881.0,3169.0,909.8224941768776,9.187226195538052,112357.96774193547,456,584,99.03125,vpn_email2b,1
167,10.8.8.234-173.194.67.16-37829-465-6,10.8.8.234,37829,173.194.67.16,465,08/06/2015 10:27:33 a.m.,6,2,0,2,31.0,0.0,31.0,720930.2325581395,46511.62790697674,43.0,64,0,31.0,vpn_email2b,1
168,10.8.8.234-63.245.216.132-46572-443-6,10.8.8.234,46572,63.245.216.132,443,08/06/2015 10:27:53 a.m.,6,11,9,20,1129.0,4456.0,5585.0,4789.489707099336,17.15126126087497,61373.42105263157,240,192,279.25,vpn_email2b,1
169,63.245.216.132-10.8.8.234-443-46572-6,63.245.216.132,443,10.8.8.234,46572,08/06/2015 10:27:54 a.m.,6,2,0,2,0.0,0.0,0.0,0.0,34482.758620689645,58.0,40,0,0.0,vpn_email2b,1
170,10.8.8.234-63.245.216.132-46573-443-6,10.8.8.234,46573,63.245.216.132,443,08/06/2015 10:27:53 a.m.,6,11,7,18,580.0,3811.0,4391.0,726.5730654350941,2.9784366153112485,355496.41176470596,240,152,243.94444444444446,vpn_email2b,1
171,10.8.8.234-93.184.220.29-56293-80-6,10.8.8.234,56293,93.184.220.29,80,08/06/2015 10:27:54 a.m.,6,3,1,4,0.0,0.0,0.0,0.0,0.7289866411375545,1829023.0,104,40,0.0,vpn_email2b,1
172,63.245.216.132-10.8.8.234-443-46573-6,63.245.216.132,443,10.8.8.234,46573,08/06/2015 10:27:59 a.m.,6,2,0,2,0.0,0.0,0.0,0.0,48780.487804878045,41.0,40,0,0.0,vpn_email2b,1
173,10.8.8.234-63.245.217.113-57002-443-6,10.8.8.234,57002,63.245.217.113,443,08/06/2015 10:27:54 a.m.,6,10,6,16,590.0,2692.0,3282.0,572.7103017705159,2.7920063462304245,382043.06666666665,328,200,205.125,vpn_email2b,1
174,10.8.8.234-63.245.217.113-57001-443-6,10.8.8.234,57001,63.245.217.113,443,08/06/2015 10:27:54 a.m.,6,17,23,40,1102.0,22014.0,23116.0,1836.5891688432928,3.178039745359565,322727.5641025641,552,744,577.9,vpn_email2b,1
175,10.8.8.234-63.245.217.113-57001-443-6,10.8.8.234,57001,63.245.217.113,443,08/06/2015 10:28:07 a.m.,6,2,0,2,53.0,0.0,53.0,1060000.0,40000.0,50.0,64,0,53.0,vpn_email2b,1
176,10.8.8.234-93.184.220.29-56292-80-6,10.8.8.234,56292,93.184.220.29,80,08/06/2015 10:27:53 a.m.,6,9,7,16,1311.0,2364.0,3675.0,213.55314605623124,0.9297551937142041,1147255.4,296,232,229.6875,vpn_email2b,1
177,74.125.133.16-10.8.8.234-993-51040-6,74.125.133.16,993,10.8.8.234,51040,08/06/2015 10:25:51 a.m.,6,62,45,107,2042.0,1117.0,3159.0,33.46386323320156,1.1334705178703914,890569.2264150946,1984,1440,29.906542056074773,vpn_email2b,1
178,74.125.133.16-10.8.8.234-993-51055-6,74.125.133.16,993,10.8.8.234,51055,08/06/2015 10:26:57 a.m.,6,384,296,680,241979.0,3107.0,245086.0,2191.159620488071,6.079451873758143,164730.76435935206,12288,9472,362.3147058823529,vpn_email2b,1
179,10.8.8.234-173.194.67.16-37836-465-6,10.8.8.234,37836,173.194.67.16,465,08/06/2015 10:28:56 a.m.,6,13,18,31,1771.0,869.0,2640.0,956.7723718930721,11.234827094198954,91975.9,424,584,85.16129032258064,vpn_email2b,1
180,10.8.8.234-173.194.67.16-37836-465-6,10.8.8.234,37836,173.194.67.16,465,08/06/2015 10:28:59 a.m.,6,2,0,2,31.0,0.0,31.0,794871.7948717949,51282.05128205128,39.0,64,0,31.0,vpn_email2b,1
181,10.8.8.234-173.194.67.16-37837-465-6,10.8.8.234,37837,173.194.67.16,465,08/06/2015 10:29:12 a.m.,6,13,19,32,1772.0,881.0,2653.0,810.2898565331873,9.773567813442137,105617.32258064518,424,616,82.90625,vpn_email2b,1
182,10.8.8.234-74.125.133.16-51039-993-6,10.8.8.234,51039,74.125.133.16,993,08/06/2015 10:27:15 a.m.,6,115,160,275,2953.0,3603.0,6556.0,57.06141394824139,2.3935156857483797,419320.2664233577,3680,5120,23.97454545454545,vpn_email2b,1
183,10.8.8.234-173.194.67.16-37837-465-6,10.8.8.234,37837,173.194.67.16,465,08/06/2015 10:29:15 a.m.,6,2,0,2,31.0,0.0,31.0,1722222.2222222222,111111.11111111114,18.0,64,0,31.0,vpn_email2b,1
184,10.8.8.234-173.194.67.16-37838-465-6,10.8.8.234,37838,173.194.67.16,465,08/06/2015 10:29:27 a.m.,6,13,18,31,1772.0,869.0,2641.0,805.136287836985,9.450672064727957,109339.66666666669,424,584,85.19354838709677,vpn_email2b,1
185,10.8.8.234-173.194.67.16-37838-465-6,10.8.8.234,37838,173.194.67.16,465,08/06/2015 10:29:31 a.m.,6,2,0,2,31.0,0.0,31.0,1000000.0,64516.12903225807,31.0,64,0,31.0,vpn_email2b,1
186,10.8.8.234-173.194.67.16-37839-465-6,10.8.8.234,37839,173.194.67.16,465,08/06/2015 10:29:42 a.m.,6,12,17,29,1743.0,881.0,2624.0,907.4064980541248,10.028501693433547,103277.07142857145,392,552,90.48275862068964,vpn_email2b,1
187,10.8.8.234-173.194.67.16-37839-465-6,10.8.8.234,37839,173.194.67.16,465,08/06/2015 10:29:45 a.m.,6,2,0,2,31.0,0.0,31.0,2214285.714285714,142857.14285714287,14.0,64,0,31.0,vpn_email2b,1
188,10.8.8.234-74.125.133.16-51039-993-6,10.8.8.234,51039,74.125.133.16,993,08/06/2015 10:29:15 a.m.,6,70,87,157,1713.0,2069.0,3782.0,112.09315622970313,4.6532589973726575,216280.73076923075,2240,2784,24.324840764331213,vpn_email2b,1
189,74.125.133.16-10.8.8.234-993-51039-6,74.125.133.16,993,10.8.8.234,51039,08/06/2015 10:29:49 a.m.,6,5,1,6,38.0,0.0,38.0,202.2352315061203,31.931878658861088,37580.0,160,20,6.333333333333332,vpn_email2b,1
190,10.8.8.234-173.194.67.16-37841-465-6,10.8.8.234,37841,173.194.67.16,465,08/06/2015 10:29:58 a.m.,6,12,17,29,1743.0,881.0,2624.0,844.2459522685732,9.330462124919443,111003.53571428572,392,552,90.48275862068964,vpn_email2b,1
191,10.8.8.234-173.194.67.16-37841-465-6,10.8.8.234,37841,173.194.67.16,465,08/06/2015 10:30:01 a.m.,6,2,0,2,31.0,0.0,31.0,1549999.9999999998,100000.0,20.0,64,0,31.0,vpn_email2b,1
192,10.8.8.234-173.194.67.16-37842-465-6,10.8.8.234,37842,173.194.67.16,465,08/06/2015 10:30:12 a.m.,6,15,18,33,1770.0,875.0,2645.0,822.6019287760462,10.263086445977137,100481.46875,488,584,80.15151515151516,vpn_email2b,1
193,10.8.8.234-173.194.67.16-37842-465-6,10.8.8.234,37842,173.194.67.16,465,08/06/2015 10:30:15 a.m.,6,2,0,2,31.0,0.0,31.0,794871.7948717949,51282.05128205128,39.0,64,0,31.0,vpn_email2b,1
194,10.8.8.234-173.194.67.16-37843-465-6,10.8.8.234,37843,173.194.67.16,465,08/06/2015 10:30:29 a.m.,6,12,17,29,1743.0,875.0,2618.0,837.1326193297695,9.2730504051044,111690.78571428572,392,552,90.27586206896551,vpn_email2b,1
195,10.8.8.234-173.194.67.16-37843-465-6,10.8.8.234,37843,173.194.67.16,465,08/06/2015 10:30:32 a.m.,6,2,0,2,31.0,0.0,31.0,1823529.4117647056,117647.0588235294,17.0,64,0,31.0,vpn_email2b,1
196,74.125.133.16-10.8.8.234-993-51040-6,74.125.133.16,993,10.8.8.234,51040,08/06/2015 10:28:35 a.m.,6,116,73,189,8378.0,1652.0,10030.0,83.66596811839467,1.5765571260594808,637667.4414893622,3712,2336,53.26455026455026,vpn_email2b,1
197,10.8.8.234-173.194.67.16-37844-465-6,10.8.8.234,37844,173.194.67.16,465,08/06/2015 10:30:46 a.m.,6,13,18,31,1772.0,881.0,2653.0,884.1977563440272,10.331749131799793,100015.33333333334,424,584,85.5806451612903,vpn_email2b,1
198,10.8.8.234-173.194.67.16-37844-465-6,10.8.8.234,37844,173.194.67.16,465,08/06/2015 10:30:49 a.m.,6,2,0,2,31.0,0.0,31.0,1549999.9999999998,100000.0,20.0,64,0,31.0,vpn_email2b,1
199,74.125.133.16-10.8.8.234-993-51055-6,74.125.133.16,993,10.8.8.234,51055,08/06/2015 10:28:59 a.m.,6,155,105,260,5878.0,2348.0,8226.0,70.61590417299905,2.2319639052978064,449765.78764478775,4960,3360,31.8,vpn_email2b,1
200,10.8.8.234-173.194.67.16-37845-465-6,10.8.8.234,37845,173.194.67.16,465,08/06/2015 10:31:02 a.m.,6,15,18,33,1772.0,875.0,2647.0,853.3289662146849,10.63840418779169,96936.53125,488,584,80.21212121212122,vpn_email2b,1
201,10.8.8.234-173.194.67.16-37845-465-6,10.8.8.234,37845,173.194.67.16,465,08/06/2015 10:31:05 a.m.,6,2,0,2,31.0,0.0,31.0,329787.23404255323,21276.595744680853,94.0,64,0,31.0,vpn_email2b,1
202,10.8.8.234-173.194.67.16-37846-465-6,10.8.8.234,37846,173.194.67.16,465,08/06/2015 10:31:17 a.m.,6,13,18,31,1772.0,875.0,2647.0,851.0843528447182,9.967364918090768,103671.66666666669,424,584,85.38709677419354,vpn_email2b,1
203,10.8.8.234-173.194.67.16-37846-465-6,10.8.8.234,37846,173.194.67.16,465,08/06/2015 10:31:20 a.m.,6,2,0,2,31.0,0.0,31.0,1476190.4761904762,95238.09523809524,21.0,64,0,31.0,vpn_email2b,1
204,10.8.8.234-173.194.67.16-37847-465-6,10.8.8.234,37847,173.194.67.16,465,08/06/2015 10:31:34 a.m.,6,13,18,31,1772.0,875.0,2647.0,826.5151815570023,9.679626229039316,106753.43333333332,424,584,85.38709677419354,vpn_email2b,1
205,10.8.8.234-173.194.67.16-37847-465-6,10.8.8.234,37847,173.194.67.16,465,08/06/2015 10:31:37 a.m.,6,2,0,2,31.0,0.0,31.0,1722222.2222222222,111111.11111111114,18.0,64,0,31.0,vpn_email2b,1
206,10.8.8.234-173.194.67.16-37848-465-6,10.8.8.234,37848,173.194.67.16,465,08/06/2015 10:31:48 a.m.,6,13,18,31,1772.0,875.0,2647.0,881.6209835786017,10.324990740814757,100080.8,424,584,85.38709677419354,vpn_email2b,1
207,10.8.8.234-173.194.67.16-37848-465-6,10.8.8.234,37848,173.194.67.16,465,08/06/2015 10:31:51 a.m.,6,2,0,2,31.0,0.0,31.0,1347826.0869565215,86956.52173913043,23.0,64,0,31.0,vpn_email2b,1
208,10.8.8.234-74.125.71.16-56529-993-6,10.8.8.234,56529,74.125.71.16,993,08/06/2015 10:29:54 a.m.,6,217,288,505,6542.0,11534.0,18076.0,150.73527308626703,4.211181285050058,237934.2182539682,6952,9224,35.794059405940594,vpn_email2b,1
209,10.8.8.234-173.194.67.16-37849-465-6,10.8.8.234,37849,173.194.67.16,465,08/06/2015 10:32:04 a.m.,6,15,18,33,1770.0,875.0,2645.0,855.3528759098027,10.671699396984307,96634.09375,488,584,80.15151515151516,vpn_email2b,1
210,10.8.8.234-173.194.67.16-37849-465-6,10.8.8.234,37849,173.194.67.16,465,08/06/2015 10:32:07 a.m.,6,2,0,2,31.0,0.0,31.0,1148148.1481481479,74074.07407407407,27.0,64,0,31.0,vpn_email2b,1
211,10.8.8.234-173.194.67.16-37850-465-6,10.8.8.234,37850,173.194.67.16,465,08/06/2015 10:32:18 a.m.,6,12,17,29,1743.0,875.0,2618.0,843.5069138247176,9.343659473230256,110846.75,392,552,90.27586206896551,vpn_email2b,1
212,10.8.8.234-173.194.67.16-37850-465-6,10.8.8.234,37850,173.194.67.16,465,08/06/2015 10:32:21 a.m.,6,2,0,2,31.0,0.0,31.0,1631578.947368421,105263.15789473684,19.0,64,0,31.0,vpn_email2b,1
213,10.8.8.234-173.194.67.16-37851-465-6,10.8.8.234,37851,173.194.67.16,465,08/06/2015 10:32:35 a.m.,6,12,17,29,1743.0,875.0,2618.0,859.5140954730397,9.520973555660104,108782.39285714283,392,552,90.27586206896551,vpn_email2b,1
214,10.8.8.234-173.194.67.16-37851-465-6,10.8.8.234,37851,173.194.67.16,465,08/06/2015 10:32:38 a.m.,6,2,0,2,31.0,0.0,31.0,39240.50632911392,2531.645569620253,790.0,64,0,31.0,vpn_email2b,1
215,74.125.133.16-10.8.8.234-993-51040-6,74.125.133.16,993,10.8.8.234,51040,08/06/2015 10:30:35 a.m.,6,170,104,274,9437.0,2294.0,11731.0,98.09605926363335,2.2912215700482084,438047.1172161173,5440,3328,42.989051094890506,vpn_email2b,1
216,10.8.8.234-173.194.67.16-37852-465-6,10.8.8.234,37852,173.194.67.16,465,08/06/2015 10:32:50 a.m.,6,13,18,31,1772.0,875.0,2647.0,859.9477468849229,10.07116741723937,102603.13333333332,424,584,85.38709677419354,vpn_email2b,1
217,10.8.8.234-173.194.67.16-37852-465-6,10.8.8.234,37852,173.194.67.16,465,08/06/2015 10:32:53 a.m.,6,2,0,2,31.0,0.0,31.0,1192307.6923076923,76923.07692307692,26.0,64,0,31.0,vpn_email2b,1
218,10.8.8.234-74.125.133.16-51054-993-6,10.8.8.234,51054,74.125.133.16,993,08/06/2015 10:28:33 a.m.,6,6,9,15,124.0,563.0,687.0,601.5598525784326,13.134494597782373,81573.64285714286,192,288,48.26666666666666,vpn_email2b,1
219,10.8.8.234-173.194.67.16-37853-465-6,10.8.8.234,37853,173.194.67.16,465,08/06/2015 10:33:07 a.m.,6,13,18,31,1772.0,869.0,2641.0,951.696964695682,11.170998071020879,92501.43333333332,424,584,85.19354838709677,vpn_email2b,1
220,10.8.8.234-173.194.67.16-37853-465-6,10.8.8.234,37853,173.194.67.16,465,08/06/2015 10:33:10 a.m.,6,2,0,2,31.0,0.0,31.0,1347826.0869565215,86956.52173913043,23.0,64,0,31.0,vpn_email2b,1
221,74.125.133.16-10.8.8.234-993-51055-6,74.125.133.16,993,10.8.8.234,51055,08/06/2015 10:31:00 a.m.,6,171,123,294,5893.0,2628.0,8521.0,73.36032211457628,2.5311506515297997,396425.62116040953,5472,3948,29.12244897959184,vpn_email2b,1
222,10.8.8.234-173.194.67.16-37854-465-6,10.8.8.234,37854,173.194.67.16,465,08/06/2015 10:33:23 a.m.,6,12,17,29,1744.0,875.0,2619.0,886.6214610465449,9.817496132245056,105496.78571428572,392,552,90.3103448275862,vpn_email2b,1
223,10.8.8.234-173.194.67.16-37854-465-6,10.8.8.234,37854,173.194.67.16,465,08/06/2015 10:33:26 a.m.,6,2,0,2,31.0,0.0,31.0,2214285.714285714,142857.14285714287,14.0,64,0,31.0,vpn_email2b,1
224,10.8.8.234-173.194.67.16-37855-465-6,10.8.8.234,37855,173.194.67.16,465,08/06/2015 10:33:36 a.m.,6,12,17,29,1743.0,881.0,2624.0,866.2887877998543,9.574075779800221,108179.03571428572,392,552,90.48275862068964,vpn_email2b,1
225,10.8.8.234-173.194.67.16-37855-465-6,10.8.8.234,37855,173.194.67.16,465,08/06/2015 10:33:39 a.m.,6,2,0,2,31.0,0.0,31.0,774999.9999999999,49999.99999999999,40.0,64,0,31.0,vpn_email2b,1
226,10.8.8.234-74.125.71.16-56529-993-6,10.8.8.234,56529,74.125.71.16,993,08/06/2015 10:31:54 a.m.,6,179,228,407,4301.0,5383.0,9684.0,89.1579265843582,3.7471371457903526,267527.71921182284,5728,7296,23.7936117936118,vpn_email2b,1
227,74.125.71.16-10.8.8.234-993-56529-6,74.125.71.16,993,10.8.8.234,56529,08/06/2015 10:33:43 a.m.,6,4,0,4,0.0,0.0,0.0,0.0,21.898849215473728,60886.0,128,0,0.0,vpn_email2b,1
228,10.8.8.234-173.194.67.16-37857-465-6,10.8.8.234,37857,173.194.67.16,465,08/06/2015 10:33:50 a.m.,6,13,18,31,1772.0,875.0,2647.0,815.2625025140084,9.547841925929074,108226.89999999998,424,584,85.38709677419354,vpn_email2b,1
229,10.8.8.234-173.194.67.16-37857-465-6,10.8.8.234,37857,173.194.67.16,465,08/06/2015 10:33:53 a.m.,6,2,0,2,31.0,0.0,31.0,1068965.5172413792,68965.51724137929,29.0,64,0,31.0,vpn_email2b,1
230,10.8.8.234-173.194.67.16-37858-465-6,10.8.8.234,37858,173.194.67.16,465,08/06/2015 10:34:06 a.m.,6,15,18,33,1772.0,881.0,2653.0,891.1847617819127,11.085223195930311,93029.25,488,584,80.39393939393939,vpn_email2b,1
231,10.8.8.234-173.194.67.16-37858-465-6,10.8.8.234,37858,173.194.67.16,465,08/06/2015 10:34:09 a.m.,6,2,0,2,31.0,0.0,31.0,1033333.3333333331,66666.66666666669,30.0,64,0,31.0,vpn_email2b,1
232,10.8.8.234-173.194.67.16-37859-465-6,10.8.8.234,37859,173.194.67.16,465,08/06/2015 10:34:24 a.m.,6,14,17,31,1743.0,881.0,2624.0,845.7927130960879,9.992215741607748,103413.83333333331,456,552,84.64516129032258,vpn_email2b,1
233,10.8.8.234-173.194.67.16-37859-465-6,10.8.8.234,37859,173.194.67.16,465,08/06/2015 10:34:27 a.m.,6,2,0,2,31.0,0.0,31.0,2214285.714285714,142857.14285714287,14.0,64,0,31.0,vpn_email2b,1
234,10.8.8.234-173.194.67.16-37860-465-6,10.8.8.234,37860,173.194.67.16,465,08/06/2015 10:34:40 a.m.,6,13,18,31,1770.0,875.0,2645.0,832.3166692732286,9.754940169175836,105929.23333333334,424,584,85.3225806451613,vpn_email2b,1
235,10.8.8.234-173.194.67.16-37860-465-6,10.8.8.234,37860,173.194.67.16,465,08/06/2015 10:34:43 a.m.,6,2,0,2,31.0,0.0,31.0,911764.7058823528,58823.52941176471,34.0,64,0,31.0,vpn_email2b,1
236,10.8.8.234-173.194.67.16-37861-465-6,10.8.8.234,37861,173.194.67.16,465,08/06/2015 10:34:56 a.m.,6,13,18,31,1772.0,881.0,2653.0,890.6623802070848,10.407287518439363,99289.4,424,584,85.5806451612903,vpn_email2b,1
237,10.8.8.234-173.194.67.16-37861-465-6,10.8.8.234,37861,173.194.67.16,465,08/06/2015 10:34:59 a.m.,6,2,0,2,31.0,0.0,31.0,1192307.6923076923,76923.07692307692,26.0,64,0,31.0,vpn_email2b,1
238,10.8.8.234-173.194.67.16-37862-465-6,10.8.8.234,37862,173.194.67.16,465,08/06/2015 10:35:09 a.m.,6,13,18,31,1772.0,875.0,2647.0,875.6147414223993,10.254649408422509,100767.30000000002,424,584,85.38709677419354,vpn_email2b,1
239,10.8.8.234-173.194.67.16-37862-465-6,10.8.8.234,37862,173.194.67.16,465,08/06/2015 10:35:12 a.m.,6,2,0,2,31.0,0.0,31.0,1409090.9090909092,90909.09090909091,22.0,64,0,31.0,vpn_email2b,1
240,74.125.133.16-10.8.8.234-993-51055-6,74.125.133.16,993,10.8.8.234,51055,08/06/2015 10:33:11 a.m.,6,165,118,283,6190.0,2559.0,8749.0,77.01739151998291,2.4912472054126367,402828.7907801418,5280,3776,31.056537102473502,vpn_email2b,1
241,10.8.8.234-173.194.67.16-37863-465-6,10.8.8.234,37863,173.194.67.16,465,08/06/2015 10:35:23 a.m.,6,13,18,31,1772.0,869.0,2641.0,869.363415962908,10.204568684153786,101261.83333333331,424,584,85.19354838709677,vpn_email2b,1
242,10.8.8.234-173.194.67.16-37863-465-6,10.8.8.234,37863,173.194.67.16,465,08/06/2015 10:35:26 a.m.,6,2,0,2,31.0,0.0,31.0,1148148.1481481479,74074.07407407407,27.0,64,0,31.0,vpn_email2b,1
243,10.8.8.234-173.194.67.16-37864-465-6,10.8.8.234,37864,173.194.67.16,465,08/06/2015 10:35:38 a.m.,6,15,18,33,1772.0,875.0,2647.0,863.5127843605992,10.765365275368257,95793.3125,488,584,80.21212121212122,vpn_email2b,1
244,10.8.8.234-173.194.67.16-37864-465-6,10.8.8.234,37864,173.194.67.16,465,08/06/2015 10:35:41 a.m.,6,2,0,2,31.0,0.0,31.0,1107142.857142857,71428.57142857142,28.0,64,0,31.0,vpn_email2b,1
245,10.8.8.234-74.125.71.16-56545-993-6,10.8.8.234,56545,74.125.71.16,993,08/06/2015 10:33:43 a.m.,6,218,296,514,6968.0,9427.0,16395.0,136.69965623892728,4.28567388269647,233790.3781676413,6984,9480,31.896887159533076,vpn_email2b,1
246,10.8.8.234-173.194.67.16-37865-465-6,10.8.8.234,37865,173.194.67.16,465,08/06/2015 10:35:52 a.m.,6,13,18,31,1772.0,875.0,2647.0,802.2872612725604,9.395884057215481,109977.23333333337,424,584,85.38709677419354,vpn_email2b,1
247,10.8.8.234-173.194.67.16-37865-465-6,10.8.8.234,37865,173.194.67.16,465,08/06/2015 10:35:55 a.m.,6,2,0,2,31.0,0.0,31.0,1240000.0,80000.0,25.0,64,0,31.0,vpn_email2b,1
248,10.8.8.234-74.125.71.16-56545-993-6,10.8.8.234,56545,74.125.71.16,993,08/06/2015 10:35:43 a.m.,6,32,37,69,746.0,962.0,1708.0,112.21960456781096,4.533461777036861,223825.83823529413,1024,1184,24.7536231884058,vpn_email2b,1
249,74.125.71.16-10.8.8.234-993-56545-6,74.125.71.16,993,10.8.8.234,56545,08/06/2015 10:35:59 a.m.,6,5,1,6,38.0,0.0,38.0,199.53476893348665,31.50548983160316,38088.6,160,20,6.333333333333332,vpn_email2b,1
250,10.8.8.234-173.194.67.16-37867-465-6,10.8.8.234,37867,173.194.67.16,465,08/06/2015 10:36:06 a.m.,6,13,18,31,1772.0,881.0,2653.0,894.1267031125249,10.447767733316347,98904.7,424,584,85.5806451612903,vpn_email2b,1
251,10.8.8.234-173.194.67.16-37867-465-6,10.8.8.234,37867,173.194.67.16,465,08/06/2015 10:36:09 a.m.,6,2,0,2,31.0,0.0,31.0,1347826.0869565215,86956.52173913043,23.0,64,0,31.0,vpn_email2b,1
252,74.125.133.16-10.8.8.234-993-51040-6,74.125.133.16,993,10.8.8.234,51040,08/06/2015 10:32:45 a.m.,6,124,73,197,6953.0,1714.0,8667.0,108.51157562601395,2.46645672070206,407508.4846938773,3968,2336,44.208121827411176,vpn_email2b,1
253,10.8.8.234-173.194.67.16-37868-465-6,10.8.8.234,37868,173.194.67.16,465,08/06/2015 10:36:23 a.m.,6,13,18,31,1772.0,875.0,2647.0,865.9456014739724,10.141410519717846,101892.46666666667,424,584,85.38709677419354,vpn_email2b,1
254,10.8.8.234-173.194.67.16-37868-465-6,10.8.8.234,37868,173.194.67.16,465,08/06/2015 10:36:26 a.m.,6,2,0,2,31.0,0.0,31.0,574074.0740740739,37037.03703703704,54.0,64,0,31.0,vpn_email2b,1
255,10.8.8.234-64.233.184.16-56872-993-6,10.8.8.234,56872,64.233.184.16,993,08/06/2015 10:36:04 a.m.,6,62,80,142,2619.0,6698.0,9317.0,374.0769679923494,5.701291129646196,176642.8297872339,1992,2568,65.61267605633803,vpn_email2b,1
256,64.233.184.16-10.8.8.234-993-56872-6,64.233.184.16,993,10.8.8.234,56872,08/06/2015 10:36:29 a.m.,6,4,0,4,0.0,0.0,0.0,0.0,22.393156651327352,59542.0,128,0,0.0,vpn_email2b,1
257,10.8.8.234-173.194.67.16-37870-465-6,10.8.8.234,37870,173.194.67.16,465,08/06/2015 10:36:38 a.m.,6,16,17,33,1743.0,875.0,2618.0,809.8824216536203,10.208601953617062,101017.75,520,552,79.33333333333333,vpn_email2b,1
258,10.8.8.234-173.194.67.16-37870-465-6,10.8.8.234,37870,173.194.67.16,465,08/06/2015 10:36:41 a.m.,6,2,0,2,31.0,0.0,31.0,1631578.947368421,105263.15789473684,19.0,64,0,31.0,vpn_email2b,1
259,10.8.8.234-173.194.67.16-37871-465-6,10.8.8.234,37871,173.194.67.16,465,08/06/2015 10:36:53 a.m.,6,14,17,31,1743.0,881.0,2624.0,804.5513568372301,9.504989352878864,108714.83333333331,456,552,84.64516129032258,vpn_email2b,1
260,10.8.8.234-173.194.67.16-37871-465-6,10.8.8.234,37871,173.194.67.16,465,08/06/2015 10:36:57 a.m.,6,2,0,2,31.0,0.0,31.0,1107142.857142857,71428.57142857142,28.0,64,0,31.0,vpn_email2b,1
261,10.8.8.234-173.194.67.16-37872-465-6,10.8.8.234,37872,173.194.67.16,465,08/06/2015 10:37:10 a.m.,6,15,18,33,1772.0,887.0,2659.0,865.2796376173732,10.738709304766195,96031.09375,488,584,80.57575757575758,vpn_email2b,1
262,10.8.8.234-173.194.67.16-37872-465-6,10.8.8.234,37872,173.194.67.16,465,08/06/2015 10:37:13 a.m.,6,2,0,2,31.0,0.0,31.0,1347826.0869565215,86956.52173913043,23.0,64,0,31.0,vpn_email2b,1
263,74.125.133.16-10.8.8.234-993-51055-6,74.125.133.16,993,10.8.8.234,51055,08/06/2015 10:35:15 a.m.,6,191,135,326,6153.0,2983.0,9136.0,76.28872201677319,2.7222114029627917,368478.7015384615,6112,4320,28.150306748466253,vpn_email2b,1
264,10.8.8.234-173.194.67.16-37873-465-6,10.8.8.234,37873,173.194.67.16,465,08/06/2015 10:37:23 a.m.,6,12,17,29,1743.0,887.0,2630.0,901.0231237478176,9.93523596528012,104246.57142857142,392,552,90.6896551724138,vpn_email2b,1
265,10.8.8.234-173.194.67.16-37873-465-6,10.8.8.234,37873,173.194.67.16,465,08/06/2015 10:37:26 a.m.,6,2,0,2,31.0,0.0,31.0,1192307.6923076923,76923.07692307692,26.0,64,0,31.0,vpn_email2b,1
266,10.8.8.234-64.233.184.16-56875-993-6,10.8.8.234,56875,64.233.184.16,993,08/06/2015 10:36:35 a.m.,6,108,145,253,4197.0,4553.0,8750.0,163.94010846277575,4.740211136123688,211798.21428571426,3464,4648,34.58498023715415,vpn_email2b,1
267,64.233.184.16-10.8.8.234-993-56875-6,64.233.184.16,993,10.8.8.234,56875,08/06/2015 10:37:28 a.m.,6,5,1,6,37.0,0.0,37.0,212.99499749586963,34.539729323654534,34742.6,160,20,6.166666666666668,vpn_email2b,1
268,10.8.8.234-173.194.67.16-37875-465-6,10.8.8.234,37875,173.194.67.16,465,08/06/2015 10:37:38 a.m.,6,12,17,29,1743.0,875.0,2618.0,817.2030927609792,9.052287887726658,114414.64285714287,392,552,90.27586206896551,vpn_email2b,1
269,10.8.8.234-173.194.67.16-37875-465-6,10.8.8.234,37875,173.194.67.16,465,08/06/2015 10:37:41 a.m.,6,2,0,2,31.0,0.0,31.0,418918.91891891893,27027.027027027027,74.0,64,0,31.0,vpn_email2b,1
270,10.8.8.234-173.194.67.16-37876-465-6,10.8.8.234,37876,173.194.67.16,465,08/06/2015 10:37:51 a.m.,6,12,17,29,1743.0,881.0,2624.0,938.3207848424004,10.3701611129686,99874.46428571428,392,552,90.48275862068964,vpn_email2b,1
271,10.8.8.234-173.194.67.16-37876-465-6,10.8.8.234,37876,173.194.67.16,465,08/06/2015 10:37:54 a.m.,6,2,0,2,31.0,0.0,31.0,1240000.0,80000.0,25.0,64,0,31.0,vpn_email2b,1
272,10.8.8.234-173.194.67.16-37877-465-6,10.8.8.234,37877,173.194.67.16,465,08/06/2015 10:38:05 a.m.,6,12,17,29,1743.0,875.0,2618.0,842.6874971634136,9.334582665293732,110954.53571428571,392,552,90.27586206896551,vpn_email2b,1
273,10.8.8.234-173.194.67.16-37877-465-6,10.8.8.234,37877,173.194.67.16,465,08/06/2015 10:38:08 a.m.,6,2,0,2,31.0,0.0,31.0,1631578.947368421,105263.15789473684,19.0,64,0,31.0,vpn_email2b,1
274,10.8.8.234-173.194.67.16-37878-465-6,10.8.8.234,37878,173.194.67.16,465,08/06/2015 10:38:21 a.m.,6,14,17,31,1743.0,881.0,2624.0,874.4643739081691,10.330943441750476,100023.13333333332,456,552,84.64516129032258,vpn_email2b,1
275,10.8.8.234-173.194.67.16-37878-465-6,10.8.8.234,37878,173.194.67.16,465,08/06/2015 10:38:24 a.m.,6,2,0,2,31.0,0.0,31.0,254098.3606557377,16393.442622950817,122.0,64,0,31.0,vpn_email2b,1
276,74.125.133.16-10.8.8.234-993-51040-6,74.125.133.16,993,10.8.8.234,51040,08/06/2015 10:36:10 a.m.,6,146,98,244,8030.0,2151.0,10181.0,86.30084568047441,2.0683043262975893,485477.5061728396,4672,3136,41.89754098360656,vpn_email2b,1
277,10.8.8.234-173.194.67.16-37879-465-6,10.8.8.234,37879,173.194.67.16,465,08/06/2015 10:38:36 a.m.,6,13,18,31,1772.0,881.0,2653.0,859.685853355675,10.045330363372004,102867.03333333334,424,584,85.5806451612903,vpn_email2b,1
278,10.8.8.234-173.194.67.16-37879-465-6,10.8.8.234,37879,173.194.67.16,465,08/06/2015 10:38:40 a.m.,6,2,0,2,31.0,0.0,31.0,2214285.714285714,142857.14285714287,14.0,64,0,31.0,vpn_email2b,1
279,10.8.8.234-74.125.133.16-51056-993-6,10.8.8.234,51056,74.125.133.16,993,08/06/2015 10:27:25 a.m.,6,2185,4236,6421,7628.0,4639790.0,4647418.0,68047.58082079468,94.01640146212856,10638.098753894112,69920,135552,723.7899081140008,vpn_email2b,1
280,10.8.8.234-173.194.67.16-37880-465-6,10.8.8.234,37880,173.194.67.16,465,08/06/2015 10:38:52 a.m.,6,12,17,29,1743.0,869.0,2612.0,857.9893027260213,9.525914923068383,108725.96428571429,392,552,90.06896551724138,vpn_email2b,1
281,10.8.8.234-173.194.67.16-37880-465-6,10.8.8.234,37880,173.194.67.16,465,08/06/2015 10:38:55 a.m.,6,2,0,2,31.0,0.0,31.0,1291666.666666667,83333.33333333331,24.0,64,0,31.0,vpn_email2b,1
282,10.8.8.234-64.233.184.16-56880-993-6,10.8.8.234,56880,64.233.184.16,993,08/06/2015 10:37:28 a.m.,6,166,210,376,5360.0,6275.0,11635.0,127.49654619691336,4.120214986681515,243352.99733333322,5332,6728,30.944148936170212,vpn_email2b,1
283,64.233.184.16-10.8.8.234-993-56880-6,64.233.184.16,993,10.8.8.234,56880,08/06/2015 10:38:59 a.m.,6,5,1,6,38.0,0.0,38.0,212.4614214787315,33.546540233483924,35771.2,160,20,6.333333333333332,vpn_email2b,1
284,10.8.8.234-173.194.67.16-37882-465-6,10.8.8.234,37882,173.194.67.16,465,08/06/2015 10:39:07 a.m.,6,13,18,31,1772.0,875.0,2647.0,809.6093627178408,9.481635906404632,108982.59999999998,424,584,85.38709677419354,vpn_email2b,1
285,10.8.8.234-173.194.67.16-37882-465-6,10.8.8.234,37882,173.194.67.16,465,08/06/2015 10:39:10 a.m.,6,2,0,2,31.0,0.0,31.0,1291666.666666667,83333.33333333331,24.0,64,0,31.0,vpn_email2b,1
286,74.125.133.16-10.8.8.234-993-51055-6,74.125.133.16,993,10.8.8.234,51055,08/06/2015 10:37:15 a.m.,6,170,115,285,6202.0,2646.0,8848.0,73.78821823986378,2.3767678795616156,422220.9225352113,5440,3680,31.835087719298247,vpn_email2b,1
287,10.8.8.234-173.194.67.16-37883-465-6,10.8.8.234,37883,173.194.67.16,465,08/06/2015 10:39:24 a.m.,6,13,18,31,1772.0,881.0,2653.0,865.4390676092872,10.112556010511838,102183.2,424,584,85.5806451612903,vpn_email2b,1
288,10.8.8.234-173.194.67.16-37883-465-6,10.8.8.234,37883,173.194.67.16,465,08/06/2015 10:39:28 a.m.,6,2,0,2,31.0,0.0,31.0,1291666.666666667,83333.33333333331,24.0,64,0,31.0,vpn_email2b,1
289,10.8.8.234-64.233.184.16-56887-993-6,10.8.8.234,56887,64.233.184.16,993,08/06/2015 10:38:59 a.m.,6,76,99,175,3258.0,5019.0,8277.0,262.53083595470343,5.550670084822168,181193.8218390804,2440,3176,47.29714285714286,vpn_email2b,1
290,64.233.184.16-10.8.8.234-993-56887-6,64.233.184.16,993,10.8.8.234,56887,08/06/2015 10:39:31 a.m.,6,5,1,6,38.0,0.0,38.0,204.33403237081248,32.26326826907566,37194.0,160,20,6.333333333333332,vpn_email2b,1
291,74.125.133.16-10.8.8.234-993-51040-6,74.125.133.16,993,10.8.8.234,51040,08/06/2015 10:38:33 a.m.,6,121,75,196,6809.0,1712.0,8521.0,73.96020146095745,1.7012321894551885,590823.6461538462,3872,2400,43.688775510204074,vpn_email2b,1
292,74.125.133.16-10.8.8.234-993-51055-6,74.125.133.16,993,10.8.8.234,51055,08/06/2015 10:39:15 a.m.,6,139,82,221,6869.0,1959.0,8828.0,78.42277410152023,1.9632343765786104,511678.8227272728,4448,2624,39.94570135746606,vpn_email2b,1
293,74.125.133.16-10.8.8.234-993-51040-6,74.125.133.16,993,10.8.8.234,51040,08/06/2015 10:40:38 a.m.,6,147,92,239,8060.0,2196.0,10256.0,102.45455889071762,2.387542860265358,420600.48319327726,4704,2944,43.09205020920503,vpn_email2b,1
294,74.125.133.16-10.8.8.234-993-51055-6,74.125.133.16,993,10.8.8.234,51055,08/06/2015 10:41:18 a.m.,6,108,66,174,4730.0,1583.0,6313.0,57.21870575474981,1.5770718836252915,637751.7456647394,3456,2112,36.51724137931035,vpn_email2b,1
